B 46 100 100    100 100 100 100 100 100 100 100 100 100 100 100 100 100 100 100 100 100 100 100    100 154
B 19 20  20     20  20  20  20  20  20  20  20  20  20  20  20  20  20  20  20  20  20  I   20     20  21                                                                                                 
B 19 20  20,225 76  76  76  76  76  76  76  76  76  76  76  76  76  76  76  76  76  76  76  20,130 20  21                                                                                   
B 19 20  233    30  30  30  30  30  30  30  30  30  30  30  30  30  30  30  30  30  30  30  84     20  21                                                                                
B 19 20  233    30  30  30  30  30  30  30  30  30  30  30  30  30  30  30  30  30  30  30  84     20  21                                                                                
B 19 20  233    30  30  131 240 240 240 240 240 240 240 240 240 240 240 240 240 227 30  30  84     20  21                                                                                
B 19 20  233    30  30  84  30  30  30  30  30  30  30  30  30  30  30  30  30  233 30  30  84     20  21                                                                                
B 19 20  233    30  30  84  30  30  30  30  30  30  30  30  30  30  30  30  30  233 30  30  84     20  21                                                                                
B 19 20  233    30  30  84  30  30  49  49  49  49  49  49  49  49  49  30  30  233 30  30  84     20  21                                                                                
B 19,342 20  233    30  30  84  30  30  49  49  49  49  49  49  49  49  49  30  30  233 30  30  84     20  21                                                                                
B 19,135 20  233    30  30  84  30  30  49  49  49  49  49  49  49  49  49  30  30  233 30  30  84     20  21                                                                                
B 19 20  233    30  30  84  30  30  30  30  30  30  30  30  30  30  30  30  30  233 30  30  84     20  21                                                                                
B 19 20  233    30  30  84  30  30  30  30  30  30  30  30  30  30  30  30  30  233 30  30  84     20  21                                                                                
B 19 20  233    30  30  31  76  76  76  76  76  76  76  76  76  76  76  76  76  85  30  30  84     20  21                                                                                
B 19 20  233    30  30  30  30  30  30  30  30  30  30  30  30  30  30  30  30  30  30  30  84     20  21                                                                                
B 19 20  233    30  30  30  30  30  30  30  30  30  30  30  30  30  30  30  30  30  30  30  84     20  21                                                                                
B 19 O   20,144 240 240 240 240 240 240 240 240 240 240 240 240 240 240 240 240 240 240 240 20,37  20  21                                                                                  
B 19 20  20     20  20  20,43  20  20  20  20  20  20  20  20  20  20  20  20  20  20  20  20  I      20  21                                                                                                                                                    
B 63 64  64     64  64  64  64  64  64  64  64  64  64  64  64  64  64  64  64  64  64  64  64     64  65
