B 430,44 430 456 450 456 430 430 456 450 456 430 430 456 450 456 430 430 456 450 456 430 430 456 450 456
B 430 430 456 450 456 430 430 456 450 456 430 430 456 450 456 430 430 456 450 456 430 430 456 450 456
B 430 430 456 450 456 430 430 456 450 456 430 430 456 450 456 430 430 456 450 456 430,411 430,412 456 450 456
B 430 430 456 450 456 430 430 456 450 456 430 430 456 450 456 430 430 456 450 456 430 430 456 450 456
B 430 430 456 450 456 430 430 456 450 456 430 430 456 450 456 430 430 456 450 456 430,411 430,412 456 450 456
B 430 430 456 450 456 430 430 456 450 456 430 430 456 450 456 430 430 456 450 456 430 430 456 450 456
B O 423 423 423 423 423 423 423 423 423 423 423 423 423 423 423 423 423 423 423 423 423 423 423 I
B 430 430 456 450 456 430 430 456 450 456 430 430 456 450 456 430 430 456 450 456 430 430 456 450 456
B 430 430 456 450 456 430 430 456 450 456 430 430 456 450 456 430 430 456 450 456 430 430 456 450 456
B 430,441 430,442 456 450 456 430 430 456 450 456 430 430 456 450 456 430 430 456 450 456 430 430 456 450 456
B 430 430 456 450 456 430 430 456 450 456 430 430 456 450 456 430 430 456 450 456 430 430 456 450 456
B 430 430 456 450 456 430 430 456 450 456 430 430 456 450 456 430 430 456 450 456 430 430 456 450 456
B I 423 423 423 423 423 423 423 423 423 423 423 423 423 423 423 423 423 423 423 423 423 423 423 O
B 430 430 456 450 456 430 430 456 450 456 430 430 456 450 456 430 430 456 450 456 430 430 456 450 456 
B 430 430 456 450 456 430 430 456 450 456 430 430 456 450 456 430,465 430,466 456 450 456 430 430 456 450 456
B 430 430 456 450 456 430 430 456 450 456 430 430 456 450 456 430 430 456 450 456 430 430 456 450 456
B 430 430 456 450 456 430 430 456 450 456 430 430 456 450 456 430 430 456 450 456 430 430 456 450 456
B 430 430 456 450 456 430 430 456 450 456 430 430 456 450 456 430 430 456 450 456 430 430 456 450 456
B 456,344 456,344 456,344 456,344 456,344 456,344 456,344 456,344 456,344 456,344 456,344 456,344 456,344 456,344 456,344 456,344 456,344 456,344 456,344 456,344 456,344 456,344 456,344 456,344 456,344
