B I   179 179,261 179 179 179 179 179 179 179 179 179 179 179 179 179 179 179 179 179 179 179 179 179 179
B 179 179 179 179 179 179 179 179 179 179 179 179 179 179 179 179 179 179 179 179 179 179 179 179 179
B 179 179 179 179 179 179 179 179 179 179 179 179,262 179 179 179 179 179 179 179 179 179 179 179 179 179
B 179,343 179,344 179,344 179,344 179,344 179,345 179 179 179 179 179 179 179,260 179 179 179 179 179 179 179,343 179,344 179,344 179,344 179,344 179,345
B 179,255 179,264 179 179 179 179 179 179 179 179 179 179 179 179 179 179 179,260 179 179 179 179,262 179 179 179 179
B 179,295 179 179 179 179 179 179 179 179 179 179 179 179 179 179 179 179 179,260 179 179 179 179 179 179 179
B 179 179 179 179 179,262 179 179 179 179 179 179 179 179 179 179 179,255 179 179 179 179,295 179 179 179,295 179 179
B 179,246 179 179 179 179 179 179 179 179 179 179 179 179 179 179 179 179 179 179 179 179,295 179 179 179 179,246
B 179,246 179 179 179 179 179 179 179 179,163 179,164 179,164 179 179,164 179,164 179,165 179 179 179 179 179 179 179 179 179 179,246
B 179,246 179 179 179 179 179 179 179 179 179 179 179 179 179 179 179 179 179 179 179 179 179,295 179 179 179,246
B 179 179,254 179 179 179 179 179 179 179 179 179 179 179 179 179 179,256 179 179 179 179 179 179 179 179 179
B 179 179,86 179,86 179,87 179 179 179 179 179,163 179,164 179,164 179 179,164 179,164 179,165 179 179 179 179 179 179 179 179 179 179
B 179 179 179 179 179 179 179 179 179 179 179 179 179 179 179 179 179 179 179 179 179 179 179 179 179
B 179 179,86 179,86 179,87 179 179,262 179 179 179 179 179 179 179 179 179 179 179 179 179 179 179 179 179 179 179
B 179 179 179 179 179 179 179 179 179 179 179 179 179 179 179 179,288 179 179 179 179 179 179 179 179 179
B 179,261 179 179 179 179 179,261 179 179 179 179 179 179 179 179 179 179 179 179 179,262 179 179 179 179 179 179
B 179 179,255 179 179 179 179 179 179 179,314 179,341 179 179 179 179 179,288 179 179 179 179 179 179 179 179 179 179
B 179,257 179,295 179,254 179 179 179 179 179 179 179,314 179,341 179 179 179 179 179 179 179 179 179 179 179 179 179 179
B 179 179,256 179 179 179,261 179 179 179 179 179 179 179 179 179 179 179 179 179 179 179,288 179 179 179 179 O
