B 449 456 456 450 456 456 451 171 I 449 456 456 450 456 456 451 171 I 449 456 456 450 456 456 451 
B 449 456 456 450 456 456 451 171 171 449 456 456 450 456 456 451 171 171 449 456 456 450 456 456 451  
B 449 456 456 450 456 456 451 171,36 171,36 449 456 456 450 456 456 451 171,36 171,36 449 456 456 450 456 456 451 
B 449 456 456 450 456 456 451 171 171 449 456 456 450 456 456 451 171,36 171,36 449 456 456 450 456 456 451 
B 449 456 456 450 456 456 451 171,36 171,36 449 456 456 450 456 456 451 171 171 449 456 456 450 456 456 451 
B 449 456 456 450 456 456 451 171 171 449 456 456 450 456 456 451 171,36 171,36 449 456 456 450 456 456 451 
B 449 456 456 450 456 456 451 171,36 171,36 449 456 456 450 456 456 451 171 171 449 456 456 450 456 456 451 
B 449 456 456 450 456 456 451 171 171 449 456 456 450 456 456 451 171,36 171,36 449 456 456 450 456 456 451 
B 449 456 456 450 456 456 451 171 171 449 456 456 450 456 456 451 171,36 171,36 449 456 456 450 456 456 451 
B 449 456 456 450 456 456 451 171,36 171,36 449 456 456 450 456 456 451 171 171 449 456 456 450 456 456 451 
B 449 456 456 450 456 456 451 171,36 171,36 449 456 456 450 456 456 451 171,36 171,36 449 456 456 450 456 456 451 
B 449 456 456 450 456 456 451 171 171 449 456 456 450 456 456 451 171 171 449 456 456 450 456 456 451 
B 449 456 456 450 456 456 451 171 171 449 456 456 450 456 456 451 171 171 449 456 456 450 456 456 451 
B 449 456 456 450 456 456 451 171 171 449 456 456 450 456 456 451 171,36 171,36 449 456 456 450 456 456 451 
B 449 456 456 450 456 456 451 171,36 171,36 449 456 456 450 456 456 451 171 171 449 456 456 450 456 456 451 
B 449 456 456 450 456 456 451 171,36 171,36 449 456 456 450 456 456 451 171 171 449 456 456 450 456 456 451 
B 449 456 456 450 456 456 451 171 171 449 456 456 450 456 456 451 171,36 171,36 449 456 456 450 456 456 451 
B 449 456 456 450 456 456 451 171,36 171,36 449 456 456 450 456 456 451 171,36 171,36 449 456 456 450 456 456 451 
B 449 456 456 450 456 456 451 O 171 449 456 456 450 456 456 451 O 171 449 456 456 450 456 456 451 
