B 19    20     20     20     20     20     20     20     20     20     20     20     20     20     20     20     20     20     20     20     20     20     20     20     21
B 19     20     20     20     20     20     20     20     20     20     20     20     20     20     20     20     20     20     20     20     20     20     20     20     21
B 171,63   64     64     64     64     64     64     64     64     64     64     64     64     64     64     64     64     64     64     64     64     64     64     64     171,65
B 171     171    171    171     171     171     171       O     171     171     171     171     171     171     171     171     171     171     171     171     171       I     171     171     171
B 171     171     171     171     171     171     171     171     171     171     171     171     171     171     171     171     171     171     171     171     171     171     171     171     171 
B 394     394     394     394     394     394     394     394     394     394     394     394     394     394     394     394     394     394     394     394     394     394     394     394     394
B 421     421     421     421     421     421     421     421     421     421     421     421     421     421     421     421     421     421     421     421     421     421     421     421     421 
B 448     448     448     448     448     448     448     448     448     448     448     448     448     448     448     448     448     448     448     448     448     448     448     448     448
B 171     171     171     171     171     171     171     171     171     171     171     171     171     171     171     171     171     171     171     171     171     171     171     171     171
B 171,370 171,371 171,371 171,371 171,371 171,372  171    171    171,370 171,371 171,371 171,371 171,371 171,371 171,371 171,371 171,371 171,371 171,371 171,371 171,371 171,371 171,371  171,371 171,372
B 20     20     20     20     20     20     20     20     20     20     20     20     20     20    121    122    122    122    122    123    20     20     20     20     20
B 20     20     20     20     20     20     20     20     20     20     20     20     20     20    178    179    179    179    179    180    20     20     20     20     20
B 20     20     20     20     20     20     20     20     20     20     20     20     20     20     205    206    206    206    206    207    20     20     20     20     20
B 20     20     20     20     20     20     20     20     20     20     20     20     20     20    110    111    111    111    111    112    20     20     20     20     20
B 20     20     20     20     20     20     20     20     20     20     20     20     20     20    110    111    111    111    111    112    20     20     20     20     20
B 20     20     20     20     20     20     20     20     20     20     20     20     20     20    110    111    111    111    111    112    20     20     20     20     20
B 20     20     20     20     20     20     20     20     20     20     20     20     20     20     163    164    164    272    164    165    20     20     20     20     20                                               
B 20     20     20     20     20     20     20     20     20     20     20     20     20     20     20     20     20     20     20     20     20     20     20     20     20
B 20,370 20,371 20,371 20,371 20,371 20,371 20,371 20,371 20,371 20,371 20,371 20,371 20,371 20,371 20,371 20,371 20,371 20,371 20,371 20,371 20,371 20,371 20,371 20,371 20,372
