B 476 476 476 476 476 476 476 476 476 476 476 476 476 476 476 476 476 476 476 476 476 476 476 476 476
B 476 476 476 476 476 476 476 476 476 476 476 476 476 476 476 476 476 476 476 476 476 476 476 476 476 
B 476 476 476 476 476 476 476 476 476 476 476 476 476 476 476 476 476 476 476 476 476 476 476 476 476
B 80 80 80 80 80 80 80 80 80 80 80 80 80 80 80 80 80 80 80 80 80 80 80 80 80
B 80,A 80,A 80,A 80,A 80,A 80,A 80,A 80,A 80,A 80,A 80,A 80,A 80,A 80,A 80,A 80,A 80,A 80,A 80,A 80,A 80,A 80,A 80,A 80,A 80,A
B 80,C 80,C 80,C 80,C 80,C 80,C 80,C 80,C 80,C 80,C 80,C 80,C 80,C 80,C 80,C 80,C 80,C 80,C 80,C 80,C 80,C 80,C 80,C 80,C 80,C
B 49 49 49 49 49 49 49 49 49 49 49 49 49 49 49 49 49 49 49 49 49 49 49 49 49
B 49,343 49,344 49,344 49,344 49,344 49,344 49,344 49,344 49,345 49 49 49,343 49,344 49,344 49,344 49,344 49,344 49,344 49,344 49,344 49,344 49,344 49,344 49,344  49,345
B 49,E 49,E 49,E 49,E 49,E 49,E 49 49 49 49 49 49 49 49 49 49 49 49 49 49 49,E 49,E 49,E 49,E 49,E 49,E
B 49,E 49,E 49,E 49,E 49,E 49,E 49 49 49 49 49 49 49 49 49 49 49 49 49 49 49,E 49,E 49,E 49,E 49,E 49,E
B 49,E 49,E 49,E 49,E 49,E 49,E 49 49 49 49 49 49 49 49 49 49 49 49 49 49 49,E 49,E 49,E 49,E 49,E 49,E
B 49,E 49,E 49,E 49,E 49,E 49,E 49 49 49 49 49 49 49 49 49 49 49 49 49 49 49,E 49,E 49,E 49,E 49,E 49,E
B 49,E 49,E 49,E 49,E 49,E 49,E 49 49 49 49 49 49 49 49 49 49 49 49 49 49 49,E 49,E 49,E 49,E 49,E 49,E
B 49 49 49 49 49 49 49 49 49 49 49 49 49 49 49 49 49 49 49 49 49 49 49 49 49
B 49 49 49 49 49 49 49 49 49 49 49 49 49 49 49 49 49 49 49 49 49 49 49 49 49
B 49 49 49 49 49 49 49 49 49 49 49 49 49 49 49 49 49 49 49 49 49 49 49 49 49
B 49 49 49 49 49 49 49 49 49 49 49 49 49 49 49 49 49 49 49 49 49 49 49 49 49
B 49 49 O 49 49 49 49 49 49 49 49 49 49 49 49 49 49 49 49 49 49 49 49 49 49
B 49 49 49 49 49 49 49 49 49 49 49 49 49 49 49 49 49 49 49 49 49 49 49 49 49
